       -8  -7  -6  -5  -4  -3  -2  -1  0   1   2   3   4   5   6   7   8    9   10  11  12   -> E 2nd number
  9                             
  8                                            
  7                                            
  6                                                                  
  5         
  4     
  3                                                                               
  2                                             
  1                                                                             
  0                                     X                          
 -1                                            W
 -2                                                                                                               
 -3     
 -4     
 -5                                                               
 -6     
 -7                                             
 -8     
 -9     
-10                            
-11     
-12                                          
-13     
-14          

|
v
S

N2  (  3, 10)
S5  ( -2, 10)
E2  ( -2, 12)
F35 ( -2, 12) (-70,420)
N2  (  0, 12)
W5  (  0,  7)
F83 (  0,  7)
S5  ( -5,  7)
R180 [should go to (-7,-5), then to (5,-7)]
S3  (  2, -7)
L270 go through (-7,-2)(-2,7)(7,2)
N1  (  8,  2)
F35
N1  (  9,  2)
W4  (  9, -2)
S3  (  6, -2)
L180( -6,  2)
F46 
R180(  6, -2)
S4  (  2, -2)
F29
R90 (  2,  2)
S3  ( -1,  2)
